双色球历史数据分析报告
==================================================
分析时间: 2025-04-19 23:29:37
数据获取时间: 2025-04-17 17:25:28
总期数: 1848
==================================================


--------------------------------------------------
分析过去 100 期双色球开奖结果
--------------------------------------------------

红球出现频率 (前10名):
 红球号码  出现次数   出现率  理论次数   偏差率
   11    25 25.00 18.18 37.50
    4    25 25.00 18.18 37.50
   16    24 24.00 18.18 32.00
   17    23 23.00 18.18 26.50
   13    23 23.00 18.18 26.50
   30    23 23.00 18.18 26.50
   18    22 22.00 18.18 21.00
   15    21 21.00 18.18 15.50
   27    21 21.00 18.18 15.50
   22    20 20.00 18.18 10.00

红球统计信息:
平均出现次数: 18.18
最大偏差率: 45.00%
标准差: 3.70

热门红球 (偏差率 > 20%):
 红球号码  出现次数   出现率  理论次数   偏差率
   11    25 25.00 18.18 37.50
    4    25 25.00 18.18 37.50
   16    24 24.00 18.18 32.00
   17    23 23.00 18.18 26.50
   13    23 23.00 18.18 26.50
   30    23 23.00 18.18 26.50
   18    22 22.00 18.18 21.00

冷门红球 (偏差率 < -20%):
 红球号码  出现次数   出现率  理论次数    偏差率
   14    14 14.00 18.18 -23.00
   31    11 11.00 18.18 -39.50
   28    10 10.00 18.18 -45.00

蓝球出现频率 (全部):
 蓝球号码  出现次数   出现率  理论次数    偏差率
   11    13 13.00  6.25 108.00
    3    10 10.00  6.25  60.00
   16     8  8.00  6.25  28.00
   15     8  8.00  6.25  28.00
   14     7  7.00  6.25  12.00
    4     7  7.00  6.25  12.00
    6     6  6.00  6.25  -4.00
   10     6  6.00  6.25  -4.00
    9     5  5.00  6.25 -20.00
    2     5  5.00  6.25 -20.00
    7     5  5.00  6.25 -20.00
    1     5  5.00  6.25 -20.00
   12     5  5.00  6.25 -20.00
    8     4  4.00  6.25 -36.00
    5     3  3.00  6.25 -52.00
   13     3  3.00  6.25 -52.00

蓝球统计信息:
平均出现次数: 6.25
最大偏差率: 108.00%
标准差: 2.59

热门蓝球 (偏差率 > 20%):
 蓝球号码  出现次数   出现率  理论次数    偏差率
   11    13 13.00  6.25 108.00
    3    10 10.00  6.25  60.00
   16     8  8.00  6.25  28.00
   15     8  8.00  6.25  28.00

冷门蓝球 (偏差率 < -20%):
 蓝球号码  出现次数  出现率  理论次数    偏差率
    8     4 4.00  6.25 -36.00
    5     3 3.00  6.25 -52.00
   13     3 3.00  6.25 -52.00

--------------------------------------------------
分析过去 200 期双色球开奖结果
--------------------------------------------------

红球出现频率 (前10名):
 红球号码  出现次数   出现率  理论次数   偏差率
   17    49 24.50 36.36 34.75
   18    44 22.00 36.36 21.00
    8    42 21.00 36.36 15.50
   20    42 21.00 36.36 15.50
   32    42 21.00 36.36 15.50
    7    42 21.00 36.36 15.50
   22    42 21.00 36.36 15.50
   25    41 20.50 36.36 12.75
    1    40 20.00 36.36 10.00
   11    39 19.50 36.36  7.25

红球统计信息:
平均出现次数: 36.36
最大偏差率: 36.75%
标准差: 5.30

热门红球 (偏差率 > 20%):
 红球号码  出现次数   出现率  理论次数   偏差率
   17    49 24.50 36.36 34.75
   18    44 22.00 36.36 21.00

冷门红球 (偏差率 < -20%):
 红球号码  出现次数   出现率  理论次数    偏差率
   29    29 14.50 36.36 -20.25
   28    26 13.00 36.36 -28.50
   31    23 11.50 36.36 -36.75

蓝球出现频率 (全部):
 蓝球号码  出现次数  出现率  理论次数    偏差率
   15    18 9.00 12.50  44.00
   11    17 8.50 12.50  36.00
    3    17 8.50 12.50  36.00
    4    16 8.00 12.50  28.00
    6    15 7.50 12.50  20.00
   16    14 7.00 12.50  12.00
    2    13 6.50 12.50   4.00
   10    12 6.00 12.50  -4.00
   13    12 6.00 12.50  -4.00
    8    11 5.50 12.50 -12.00
   14    11 5.50 12.50 -12.00
    5    11 5.50 12.50 -12.00
    7     9 4.50 12.50 -28.00
    1     9 4.50 12.50 -28.00
   12     8 4.00 12.50 -36.00
    9     7 3.50 12.50 -44.00

蓝球统计信息:
平均出现次数: 12.50
最大偏差率: 44.00%
标准差: 3.41

热门蓝球 (偏差率 > 20%):
 蓝球号码  出现次数  出现率  理论次数   偏差率
   15    18 9.00 12.50 44.00
   11    17 8.50 12.50 36.00
    3    17 8.50 12.50 36.00
    4    16 8.00 12.50 28.00

冷门蓝球 (偏差率 < -20%):
 蓝球号码  出现次数  出现率  理论次数    偏差率
    7     9 4.50 12.50 -28.00
    1     9 4.50 12.50 -28.00
   12     8 4.00 12.50 -36.00
    9     7 3.50 12.50 -44.00

--------------------------------------------------
分析过去 300 期双色球开奖结果
--------------------------------------------------

红球出现频率 (前10名):
 红球号码  出现次数   出现率  理论次数   偏差率
   17    69 23.00 54.55 26.50
   22    65 21.67 54.55 19.17
    8    64 21.33 54.55 17.33
    2    61 20.33 54.55 11.83
   25    60 20.00 54.55 10.00
   26    60 20.00 54.55 10.00
    3    60 20.00 54.55 10.00
   32    60 20.00 54.55 10.00
   18    60 20.00 54.55 10.00
    9    58 19.33 54.55  6.33

红球统计信息:
平均出现次数: 54.55
最大偏差率: 28.50%
标准差: 6.81

热门红球 (偏差率 > 20%):
 红球号码  出现次数   出现率  理论次数   偏差率
   17    69 23.00 54.55 26.50

冷门红球 (偏差率 < -20%):
 红球号码  出现次数   出现率  理论次数    偏差率
   28    40 13.33 54.55 -26.67
   29    39 13.00 54.55 -28.50

蓝球出现频率 (全部):
 蓝球号码  出现次数  出现率  理论次数    偏差率
   15    28 9.33 18.75  49.33
    4    27 9.00 18.75  44.00
   11    25 8.33 18.75  33.33
    3    24 8.00 18.75  28.00
   16    22 7.33 18.75  17.33
    6    19 6.33 18.75   1.33
    8    17 5.67 18.75  -9.33
   14    17 5.67 18.75  -9.33
   13    17 5.67 18.75  -9.33
    2    16 5.33 18.75 -14.67
    5    16 5.33 18.75 -14.67
    7    15 5.00 18.75 -20.00
    1    15 5.00 18.75 -20.00
   12    15 5.00 18.75 -20.00
   10    15 5.00 18.75 -20.00
    9    12 4.00 18.75 -36.00

蓝球统计信息:
平均出现次数: 18.75
最大偏差率: 49.33%
标准差: 4.88

热门蓝球 (偏差率 > 20%):
 蓝球号码  出现次数  出现率  理论次数   偏差率
   15    28 9.33 18.75 49.33
    4    27 9.00 18.75 44.00
   11    25 8.33 18.75 33.33
    3    24 8.00 18.75 28.00

冷门蓝球 (偏差率 < -20%):
 蓝球号码  出现次数  出现率  理论次数    偏差率
    9    12 4.00 18.75 -36.00

--------------------------------------------------
分析过去 500 期双色球开奖结果
--------------------------------------------------

红球出现频率 (前10名):
 红球号码  出现次数   出现率  理论次数   偏差率
   17   112 22.40 90.91 23.20
   26   104 20.80 90.91 14.40
   18   104 20.80 90.91 14.40
    7   103 20.60 90.91 13.30
   20    98 19.60 90.91  7.80
   22    98 19.60 90.91  7.80
   27    97 19.40 90.91  6.70
    2    96 19.20 90.91  5.60
    3    95 19.00 90.91  4.50
   32    95 19.00 90.91  4.50

红球统计信息:
平均出现次数: 90.91
最大偏差率: 23.20%
标准差: 8.64

热门红球 (偏差率 > 20%):
 红球号码  出现次数   出现率  理论次数   偏差率
   17   112 22.40 90.91 23.20

冷门红球 (偏差率 < -20%):
没有偏差率低于-20%的冷门红球

蓝球出现频率 (全部):
 蓝球号码  出现次数  出现率  理论次数    偏差率
   15    47 9.40 31.25  50.40
    4    38 7.60 31.25  21.60
    6    37 7.40 31.25  18.40
   14    35 7.00 31.25  12.00
    3    34 6.80 31.25   8.80
   16    34 6.80 31.25   8.80
    8    33 6.60 31.25   5.60
   11    32 6.40 31.25   2.40
    5    32 6.40 31.25   2.40
    1    31 6.20 31.25  -0.80
    2    28 5.60 31.25 -10.40
   13    26 5.20 31.25 -16.80
    9    24 4.80 31.25 -23.20
    7    23 4.60 31.25 -26.40
   12    23 4.60 31.25 -26.40
   10    23 4.60 31.25 -26.40

蓝球统计信息:
平均出现次数: 31.25
最大偏差率: 50.40%
标准差: 6.61

热门蓝球 (偏差率 > 20%):
 蓝球号码  出现次数  出现率  理论次数   偏差率
   15    47 9.40 31.25 50.40
    4    38 7.60 31.25 21.60

冷门蓝球 (偏差率 < -20%):
 蓝球号码  出现次数  出现率  理论次数    偏差率
    9    24 4.80 31.25 -23.20
    7    23 4.60 31.25 -26.40
   12    23 4.60 31.25 -26.40
   10    23 4.60 31.25 -26.40

--------------------------------------------------
分析过去 1000 期双色球开奖结果
--------------------------------------------------

红球出现频率 (前10名):
 红球号码  出现次数   出现率   理论次数   偏差率
    6   202 20.20 181.82 11.10
   26   201 20.10 181.82 10.55
   17   200 20.00 181.82 10.00
    9   199 19.90 181.82  9.45
   32   196 19.60 181.82  7.80
   18   195 19.50 181.82  7.25
   14   195 19.50 181.82  7.25
   27   195 19.50 181.82  7.25
    2   192 19.20 181.82  5.60
   22   192 19.20 181.82  5.60

红球统计信息:
平均出现次数: 181.82
最大偏差率: 15.30%
标准差: 13.52

热门红球 (偏差率 > 20%):
没有偏差率超过20%的热门红球

冷门红球 (偏差率 < -20%):
没有偏差率低于-20%的冷门红球

蓝球出现频率 (全部):
 蓝球号码  出现次数  出现率  理论次数    偏差率
   15    82 8.20 62.50  31.20
    1    81 8.10 62.50  29.60
    4    71 7.10 62.50  13.60
   16    70 7.00 62.50  12.00
    3    67 6.70 62.50   7.20
    6    66 6.60 62.50   5.60
    8    66 6.60 62.50   5.60
    2    61 6.10 62.50  -2.40
   14    61 6.10 62.50  -2.40
   11    59 5.90 62.50  -5.60
    7    56 5.60 62.50 -10.40
    5    55 5.50 62.50 -12.00
    9    53 5.30 62.50 -15.20
   12    53 5.30 62.50 -15.20
   10    51 5.10 62.50 -18.40
   13    48 4.80 62.50 -23.20

蓝球统计信息:
平均出现次数: 62.50
最大偏差率: 31.20%
标准差: 10.11

热门蓝球 (偏差率 > 20%):
 蓝球号码  出现次数  出现率  理论次数   偏差率
   15    82 8.20 62.50 31.20
    1    81 8.10 62.50 29.60

冷门蓝球 (偏差率 < -20%):
 蓝球号码  出现次数  出现率  理论次数    偏差率
   13    48 4.80 62.50 -23.20

--------------------------------------------------
分析过去 1848 期双色球开奖结果
--------------------------------------------------

红球出现频率 (前10名):
 红球号码  出现次数   出现率   理论次数   偏差率
   14   380 20.56 336.00 13.10
    6   377 20.40 336.00 12.20
   22   375 20.29 336.00 11.61
    1   362 19.59 336.00  7.74
    9   360 19.48 336.00  7.14
   17   359 19.43 336.00  6.85
   26   356 19.26 336.00  5.95
   19   354 19.16 336.00  5.36
    2   352 19.05 336.00  4.76
   27   351 18.99 336.00  4.46

红球统计信息:
平均出现次数: 336.00
最大偏差率: 13.10%
标准差: 22.91

热门红球 (偏差率 > 20%):
没有偏差率超过20%的热门红球

冷门红球 (偏差率 < -20%):
没有偏差率低于-20%的冷门红球

蓝球出现频率 (全部):
 蓝球号码  出现次数  出现率   理论次数    偏差率
    1   131 7.09 115.50  13.42
   15   130 7.03 115.50  12.55
   16   129 6.98 115.50  11.69
    7   125 6.76 115.50   8.23
   12   122 6.60 115.50   5.63
    6   121 6.55 115.50   4.76
    4   120 6.49 115.50   3.90
   14   117 6.33 115.50   1.30
    8   114 6.17 115.50  -1.30
    3   114 6.17 115.50  -1.30
   11   111 6.01 115.50  -3.90
    9   106 5.74 115.50  -8.23
    2   106 5.74 115.50  -8.23
   10   102 5.52 115.50 -11.69
    5   102 5.52 115.50 -11.69
   13    98 5.30 115.50 -15.15

蓝球统计信息:
平均出现次数: 115.50
最大偏差率: 15.15%
标准差: 10.63

热门蓝球 (偏差率 > 20%):
没有偏差率超过20%的热门蓝球

冷门蓝球 (偏差率 < -20%):
没有偏差率低于-20%的冷门蓝球


==================================================
双色球号码趋势分析
==================================================

红球热门号码变化趋势:
----------------------------------------
| 期数 | 最热门红球 | 偏差率 |
|----------|--------------|----------|
|      100 |           11 |    37.50% |
|      200 |           17 |    34.75% |
|      300 |           17 |    26.50% |
|      500 |           17 |    23.20% |
|     1000 |            6 |    11.10% |
|     1848 |           14 |    13.10% |

蓝球热门号码变化趋势:
----------------------------------------
| 期数 | 最热门蓝球 | 偏差率 |
|----------|--------------|----------|
|      100 |           11 |   108.00% |
|      200 |           15 |    44.00% |
|      300 |           15 |    49.33% |
|      500 |           15 |    50.40% |
|     1000 |           15 |    31.20% |
|     1848 |            1 |    13.42% |


最近100期走势分析:
----------------------------------------
连号出现率: 66.00%
奇数比例: 52.00%
偶数比例: 48.00%
小号(1-17)比例: 54.00%
大号(18-33)比例: 46.00%
红球和值平均: 100.12
红球和值范围: 41 - 148
